29047
36372
34714
38421
6232
6232
6001
675
12155
885
183
577
600
472
823
591
645
1697
1547
2179
512
1022
718
3911
2204
479
551
2788
572
6232
6001
675
12155
885
183
577
600
472
823
591
645
1697
1547
2179
512
1022
718
3911
2204
479
551
2788
572
1030
2131
795
1489
472
1212
926
642
1365
480
348
683
1144
1342
430
1562
1833
1394
1556
1578
162
3111
224
39
122
68
137
192
172
143
472
366
539
134
253
149
1061
429
155
154
696
163
267
415
217
425
124
309
209
156
430
74
99
212
290
324
144
399
462
336
64818
59091
53057
48559
47961
23180
