     0.802      0.479      0.454      0.262     0.0473     0.0205    0.00923    0.00126     0.0935      0.969    0.00045        2.7      0.769     0.0693       0.05       0.37        1.3      0.706       1.27        0.2       3.67          0      0.015      0.747      0.482       20.7      0.204      0.567          0          0          0      0.484          1          0          0          0          0         25         25          3
     0.771      0.485      0.455      0.253     0.0404     0.0255     0.0102    0.00135     0.0924      0.898    0.00062       2.02      0.743     0.0639     0.0447      0.417       1.37      0.902       1.42        0.2       3.39          0      0.015      0.697      0.356       25.9      0.256      0.415          0          0          0      0.433          1          0          0          0          0         25         25          3
     0.807      0.469      0.445      0.253     0.0456     0.0186     0.0108    0.00123     0.0917      0.943    0.00045       2.88      0.814     0.0767       0.05      0.462       1.28      0.653       1.23        0.2       3.92          0      0.015      0.701      0.521       24.3      0.251      0.505          0          0          0      0.471          1          0          0          0          0         25         25          3
     0.792      0.475      0.448      0.252     0.0438     0.0197     0.0106    0.00134      0.113      0.937    0.00058       1.71      0.788     0.0657      0.046      0.417       1.35      0.696       1.28        0.2       3.39          0      0.015       0.82      0.404       25.9      0.236      0.372          0          0          0      0.433          1          0          0          0          0         25         25          3
       0.8      0.471      0.445      0.252     0.0481     0.0178     0.0121    0.00128     0.0917       0.93    0.00049       2.45      0.719     0.0875     0.0508      0.506       1.22      0.652       1.23        0.2        3.4          0      0.015      0.529      0.666       26.4      0.304      0.374          0          0          0      0.375          1          0          0          0          0         25         25          3
     0.809      0.466      0.441      0.251     0.0495     0.0197     0.0117     0.0013     0.0894      0.941    0.00046        2.6      0.822     0.0764       0.05      0.455       1.29      0.668       1.14        0.2       4.29          0      0.015      0.701      0.514       23.7      0.241      0.493          0          0          0      0.463          1          0          0          0          0         25         25          3
     0.787      0.474      0.448       0.25     0.0494     0.0198     0.0119    0.00123      0.088      0.929    0.00045       2.88      0.857     0.0789     0.0481      0.442       1.31      0.611       1.27        0.2       4.14          0      0.015      0.701      0.437       26.8      0.287      0.528          0          0          0      0.457          1          0          0          0          0         25         25          3
     0.803      0.469      0.443       0.25     0.0477     0.0188     0.0116    0.00126     0.0935      0.937    0.00045        2.7        0.8     0.0741       0.05       0.46       1.33      0.652        1.2        0.2          4          0      0.015      0.701        0.5       24.8      0.244      0.505          0          0          0      0.463          1          0          0          0          0         25         25          3
     0.826      0.454      0.431      0.248     0.0384     0.0153     0.0156    0.00135     0.0935      0.925    0.00054        2.7      0.881     0.0671     0.0381      0.551       1.54      0.601      0.961        0.2        3.8          0      0.015      0.701      0.289       19.5      0.239       0.51          0          0          0      0.342          1          0          0          0          0         25         25          3
     0.835      0.444      0.424      0.243     0.0493     0.0183    0.00681      0.001        0.1      0.937     0.0005          3        0.8        0.1       0.05        0.3          1        0.7          1        0.2          4          0      0.015        0.7        0.5         25        0.2        0.5          0          0          0        0.5          1          0          0          0          0         25         25          3
     0.805      0.448      0.423      0.235     0.0537     0.0186     0.0115    0.00103     0.0995      0.902    0.00042       2.94      0.777     0.0699      0.051      0.407       1.33      0.651       1.07        0.2       3.95          0      0.015      0.769      0.521       33.1      0.255      0.505          0          0          0      0.528          1          0          0          0          0         25         25          3
