     0/269     3.03G   0.05352   0.01891         0   0.07244       906       320         0         0         0         0         0         0         0
     1/269     3.06G    0.0487   0.01861         0    0.0673       980       320         0         0         0         0         0         0         0
     2/269     3.06G   0.04894   0.01862         0   0.06756       804       320         0         0         0         0         0         0         0
     3/269     3.06G   0.04977    0.0188         0   0.06857       863       320         0         0         0         0         0         0         0
     4/269     3.06G    0.0504   0.01921         0   0.06961       937       320         0         0         0         0         0         0         0
     5/269     3.06G   0.05084   0.01929         0   0.07013       773       320         0         0         0         0         0         0         0
     6/269     3.06G   0.05087   0.01947         0   0.07034       916       320         0         0         0         0         0         0         0
     7/269     3.06G   0.05084   0.01956         0    0.0704       892       320         0         0         0         0         0         0         0
     8/269     3.06G   0.05091   0.01941         0   0.07031       870       320         0         0         0         0         0         0         0
     9/269     3.06G   0.05083   0.01938         0   0.07021       874       320         0         0         0         0         0         0         0
    10/269     3.06G   0.05083   0.01931         0   0.07014       796       320         0         0         0         0         0         0         0
    11/269     3.06G   0.05043   0.01902         0   0.06945       749       320         0         0         0         0         0         0         0
    12/269     3.06G   0.05052   0.01937         0   0.06988       776       320         0         0         0         0         0         0         0
    13/269     3.06G   0.05054   0.01921         0   0.06975       813       320         0         0         0         0         0         0         0
    14/269     3.06G   0.05055   0.01927         0   0.06982       829       320         0         0         0         0         0         0         0
    15/269     3.06G   0.05039   0.01921         0    0.0696       834       320         0         0         0         0         0         0         0
    16/269     3.06G   0.05051   0.01927         0   0.06979       870       320         0         0         0         0         0         0         0
    17/269     3.06G   0.05075   0.01921         0   0.06996       770       320         0         0         0         0         0         0         0
    18/269     3.06G    0.0504   0.01922         0   0.06963       856       320         0         0         0         0         0         0         0
    19/269     3.06G   0.05052   0.01926         0   0.06978       770       320         0         0         0         0         0         0         0
    20/269     3.06G    0.0506   0.01939         0   0.06999       787       320         0         0         0         0         0         0         0
    21/269     3.06G    0.0503   0.01923         0   0.06953       649       320         0         0         0         0         0         0         0
    22/269     3.06G   0.05017   0.01906         0   0.06923       996       320         0         0         0         0         0         0         0
    23/269     3.06G   0.05042   0.01911         0   0.06953       924       320         0         0         0         0         0         0         0
    24/269     3.06G   0.05009   0.01904         0   0.06912       912       320         0         0         0         0         0         0         0
    25/269     3.06G   0.05019   0.01922         0   0.06942       866       320         0         0         0         0         0         0         0
    26/269     3.06G   0.05055   0.01926         0   0.06981       880       320         0         0         0         0         0         0         0
    27/269     3.06G   0.05038    0.0191         0   0.06948      1025       320         0         0         0         0         0         0         0
    28/269     3.06G   0.05025   0.01912         0   0.06936       755       320         0         0         0         0         0         0         0
    29/269     3.06G   0.05011   0.01927         0   0.06937       891       320         0         0         0         0         0         0         0
    30/269     3.06G   0.05052   0.01928         0    0.0698       738       320         0         0         0         0         0         0         0
    31/269     3.06G   0.04997   0.01906         0   0.06903       780       320         0         0         0         0         0         0         0
    32/269     3.06G   0.05031   0.01916         0   0.06947       850       320         0         0         0         0         0         0         0
    33/269     3.06G    0.0499   0.01922         0   0.06912       793       320         0         0         0         0         0         0         0
    34/269     3.06G   0.05042   0.01919         0   0.06961       768       320         0         0         0         0         0         0         0
    35/269     3.06G    0.0502   0.01915         0   0.06935       883       320         0         0         0         0         0         0         0
    36/269     3.06G   0.05033   0.01924         0   0.06957       884       320         0         0         0         0         0         0         0
    37/269     3.06G   0.05029   0.01923         0   0.06952       936       320         0         0         0         0         0         0         0
    38/269     3.06G   0.05002     0.019         0   0.06903       806       320         0         0         0         0         0         0         0
    39/269     3.06G   0.05036   0.01923         0   0.06959       851       320         0         0         0         0         0         0         0
    40/269     3.06G   0.05009   0.01921         0    0.0693       871       320         0         0         0         0         0         0         0
    41/269     3.06G   0.05007   0.01915         0   0.06922       848       320         0         0         0         0         0         0         0
    42/269     3.06G   0.05012    0.0192         0   0.06932       770       320         0         0         0         0         0         0         0
    43/269     3.06G   0.05001    0.0192         0   0.06921       761       320         0         0         0         0         0         0         0
    44/269     3.06G   0.05046   0.01921         0   0.06967       786       320         0         0         0         0         0         0         0
    45/269     3.06G   0.04998    0.0191         0   0.06908       837       320         0         0         0         0         0         0         0
    46/269     3.06G   0.05007   0.01924         0   0.06931       976       320         0         0         0         0         0         0         0
    47/269     3.06G   0.04993   0.01909         0   0.06902       809       320         0         0         0         0         0         0         0
    48/269     3.06G   0.04997   0.01913         0    0.0691       727       320         0         0         0         0         0         0         0
    49/269     3.06G   0.05003   0.01915         0   0.06918       722       320         0         0         0         0         0         0         0
    50/269     3.06G   0.05002   0.01917         0   0.06919       877       320         0         0         0         0         0         0         0
    51/269     3.06G   0.05003   0.01908         0   0.06912       674       320         0         0         0         0         0         0         0
    52/269     3.06G   0.04984    0.0192         0   0.06904       711       320         0         0         0         0         0         0         0
    53/269     3.06G   0.04982   0.01904         0   0.06886       868       320         0         0         0         0         0         0         0
    54/269     3.06G   0.04988   0.01912         0     0.069       753       320         0         0         0         0         0         0         0
    55/269     3.06G    0.0498   0.01903         0   0.06883       745       320         0         0         0         0         0         0         0
    56/269     3.06G   0.04981   0.01927         0   0.06908       790       320         0         0         0         0         0         0         0
    57/269     3.06G   0.04961    0.0191         0   0.06872       751       320         0         0         0         0         0         0         0
    58/269     3.06G   0.04965   0.01908         0   0.06873       848       320         0         0         0         0         0         0         0
    59/269     3.06G   0.05001   0.01904         0   0.06906       914       320         0         0         0         0         0         0         0
    60/269     3.06G   0.04978   0.01917         0   0.06894       927       320         0         0         0         0         0         0         0
    61/269     3.06G    0.0499   0.01913         0   0.06903       923       320         0         0         0         0         0         0         0
